[22,27,16,2,18,6] -> Insertion Sort ALL STEPS

1.  [22,27,16,2,18,6]	22,27	pass --> [22,27,16,2,18,6]
2.  [22,27,16,2,18,6]	27,16	move --> [22,16,27,2,18,6]
3.  [22,16,27,2,18,6]	22,16	move --> [16,22,27,2,18,6]
4.  [16,22,27,2,18,6]	27,2	move --> [16,22,2,27,18,6]
5.  [16,22,2,27,18,6]	22,2	move --> [16,2,22,27,18,6]
6.  [16,2,22,27,18,6]	16,2	move --> [2,16,22,27,18,6]
7.  [2,16,22,27,18,6]	27,18	move --> [2,16,22,18,27,6]
8.  [2,16,22,18,27,6]	22,18	move --> [2,16,18,22,27,6]
9.  [2,16,18,22,27,6]	16,18	pass --> [2,16,18,22,27,6]
10. [2,16,18,22,27,6]	27,6	move --> [2,16,18,22,6,27]
11. [2,16,18,22,6,27]	22,6	move --> [2,16,18,6,22,27]
12. [2,16,18,6,22,27]	18,6	move --> [2,16,6,18,22,27]
13. [2,16,6,18,22,27]	16,6	move --> [2,6,16,18,22,27]
14. [2,6,16,18,22,27]	2,6		pass --> [2,6,16,18,22,27]

BIG O NOTATION [22,27,16,2,18,6] Insertion Sort
BEST CASE	:	O(n) = O(6)
AVERAGE CASE	:	O(n2) = O(36)
WORST CASE	:	O(n2) = O(36)

[22,27,16,2,18,6] -> Insertion Sort TIME COMPLEXITY for 18:
AVERAGE CASE